
4	01/05/2024 09.56	0	1
11	01/05/2024 17.50	0	1
11	01/05/2024 17.53	0	0
7	01/05/2024 17.53	0	1
7	01/05/2024 17.54	0	1
3	01/05/2024 17.54	0	1
4	01/05/2024 17.54	0	1
10	02/05/2024 08.27	0	1
3	02/05/2024 08.30	0	1
15	02/05/2024 08.40	0	1
2	02/05/2024 08.41	0	1
1	02/05/2024 08.43	0	1
4	02/05/2024 08.44	0	1
6	02/05/2024 08.45	0	1
7	02/05/2024 08.51	0	1
12	02/05/2024 08.53	0	1
5	02/05/2024 09.04	0	1
9	02/05/2024 09.08	0	16
9	02/05/2024 09.08	0	16
11	02/05/2024 09.28	0	1
11	02/05/2024 09.28	0	1
1	02/05/2024 18.04	1	1
6	02/05/2024 18.04	1	1
16	02/05/2024 18.10	1	1
2	02/05/2024 18.10	1	1
3	02/05/2024 18.11	1	1
9	02/05/2024 18.25	0	16
9	02/05/2024 18.25	0	16
9	02/05/2024 18.25	0	16
9	02/05/2024 18.25	1	16
9	02/05/2024 18.25	1	16
12	02/05/2024 19.52	1	1
7	02/05/2024 19.52	1	1
11	02/05/2024 19.53	1	16
11	02/05/2024 19.53	1	16
11	02/05/2024 19.53	1	1
11	02/05/2024 19.53	1	1
7	02/05/2024 19.54	1	1
4	02/05/2024 19.55	1	1
4	02/05/2024 19.56	0	0
13	03/05/2024 07.25	0	1
4	03/05/2024 08.02	0	1
16	03/05/2024 08.09	0	1
3	03/05/2024 08.23	0	1
2	03/05/2024 08.36	0	1
6	03/05/2024 08.44	0	1
7	03/05/2024 08.57	0	1
11	03/05/2024 09.04	0	1
9	03/05/2024 09.12	0	16
15	03/05/2024 09.16	0	1
12	03/05/2024 09.19	0	1
1	03/05/2024 09.33	0	1
8	03/05/2024 09.33	0	1
19	03/05/2024 10.04	0	1
13	03/05/2024 17.07	0	1
1	03/05/2024 18.25	1	1
11	03/05/2024 18.30	1	1
11	03/05/2024 18.30	1	1
7	03/05/2024 18.30	1	1
15	03/05/2024 18.31	1	1
15	03/05/2024 18.31	1	16
6	03/05/2024 18.42	1	1
3	03/05/2024 18.56	1	0
9	03/05/2024 19.26	1	16
9	03/05/2024 19.26	1	16
2	03/05/2024 19.35	1	1
16	03/05/2024 19.35	1	1
13	06/05/2024 07.41	1	1
16	06/05/2024 08.13	0	1
2	06/05/2024 08.28	0	1
3	06/05/2024 08.44	0	1
6	06/05/2024 08.46	0	1
4	06/05/2024 08.58	0	1
1	06/05/2024 09.05	0	1
5	06/05/2024 09.06	0	1
19	06/05/2024 09.49	0	1
10	06/05/2024 11.52	0	1
10	06/05/2024 13.36	0	16
13	06/05/2024 17.11	0	1
13	06/05/2024 17.11	0	16
3	06/05/2024 18.03	0	16
3	06/05/2024 18.03	0	16
3	06/05/2024 18.03	0	16
3	06/05/2024 18.03	0	16
3	06/05/2024 18.03	0	16
3	06/05/2024 18.03	0	16
16	06/05/2024 18.39	1	1
19	06/05/2024 18.39	1	1
6	06/05/2024 18.39	1	1
1	06/05/2024 18.39	1	1
2	06/05/2024 18.48	1	1
5	06/05/2024 18.48	1	1
4	06/05/2024 18.50	1	1
9	06/05/2024 19.04	1	16
9	06/05/2024 19.04	1	16
9	06/05/2024 19.04	1	16
9	06/05/2024 19.04	1	1
9	06/05/2024 19.04	1	16
10	06/05/2024 19.04	1	1
13	07/05/2024 07.20	1	1
16	07/05/2024 08.08	0	1
3	07/05/2024 08.14	0	1
3	07/05/2024 08.14	0	1
2	07/05/2024 08.19	0	1
6	07/05/2024 09.05	0	1
12	07/05/2024 09.09	0	1
4	07/05/2024 09.09	0	1
4	07/05/2024 09.10	0	16
5	07/05/2024 09.19	0	1
1	07/05/2024 09.39	0	1
19	07/05/2024 09.40	0	1
2	07/05/2024 10.02	0	16
20	07/05/2024 15.12	0	16
20	07/05/2024 15.12	0	16
13	07/05/2024 17.03	0	1
12	07/05/2024 18.06	1	1
2	07/05/2024 18.09	1	1
6	07/05/2024 18.10	1	1
16	07/05/2024 18.10	1	1
5	07/05/2024 18.10	1	1
1	07/05/2024 18.10	1	1
3	07/05/2024 18.10	1	1
20	07/05/2024 18.14	1	16
20	07/05/2024 18.14	1	16
9	07/05/2024 18.14	1	16
8	07/05/2024 18.14	1	16
10	07/05/2024 18.15	1	1
13	08/05/2024 07.57	1	1
16	08/05/2024 08.22	0	1
2	08/05/2024 08.42	0	1
3	08/05/2024 08.57	0	1
6	08/05/2024 09.02	0	1
5	08/05/2024 09.14	0	1
9	08/05/2024 09.27	0	16
9	08/05/2024 09.27	0	16
1	08/05/2024 09.47	0	1
1	08/05/2024 09.47	0	1
20	08/05/2024 10.33	0	16
20	08/05/2024 10.33	0	16
10	08/05/2024 14.19	0	1
13	08/05/2024 17.17	0	1
16	08/05/2024 18.39	1	1
6	08/05/2024 18.39	1	1
1	08/05/2024 18.43	1	1
3	08/05/2024 18.46	1	1
2	08/05/2024 19.54	1	1
12	08/05/2024 19.54	1	1
1	09/05/2024 09.20	1	1
1	09/05/2024 09.20	0	1
13	13/05/2024 07.44	0	1
16	13/05/2024 08.37	0	1
2	13/05/2024 08.42	0	1
6	13/05/2024 08.55	0	1
6	13/05/2024 08.55	0	1
12	13/05/2024 09.05	0	1
14	13/05/2024 09.08	0	1
18	13/05/2024 09.08	0	1
1	13/05/2024 09.27	0	1
19	13/05/2024 09.46	0	1
5	13/05/2024 10.16	0	1
3	13/05/2024 13.52	0	1
13	13/05/2024 17.29	0	1
14	13/05/2024 18.07	1	1
18	13/05/2024 18.07	1	1
16	13/05/2024 18.07	1	1
12	13/05/2024 18.19	1	1
1	13/05/2024 18.26	1	1
6	13/05/2024 18.26	1	1
9	13/05/2024 18.52	1	16
9	13/05/2024 18.52	1	16
2	13/05/2024 19.02	1	1
3	13/05/2024 19.02	1	1
4	14/05/2024 07.06	1	1
4	14/05/2024 07.06	0	1
13	14/05/2024 07.46	0	16
13	14/05/2024 07.46	0	1
13	14/05/2024 07.46	0	16
16	14/05/2024 08.24	0	1
14	14/05/2024 08.41	0	1
6	14/05/2024 09.05	0	1
12	14/05/2024 09.05	0	1
3	14/05/2024 09.09	0	1
3	14/05/2024 09.09	0	1
5	14/05/2024 09.16	0	1
1	14/05/2024 09.17	0	1
9	14/05/2024 09.20	0	16
9	14/05/2024 09.20	0	16
18	14/05/2024 09.26	0	1
19	14/05/2024 09.41	0	1
10	14/05/2024 09.58	0	1
13	14/05/2024 17.05	0	1
6	14/05/2024 18.11	1	1
6	14/05/2024 18.11	1	1
12	14/05/2024 18.13	1	1
2	14/05/2024 18.14	1	1
16	14/05/2024 18.14	1	1
3	14/05/2024 18.15	1	1
1	14/05/2024 18.21	1	1
4	14/05/2024 18.48	1	1
9	14/05/2024 19.00	1	16
9	14/05/2024 19.00	1	16
10	14/05/2024 19.00	1	1
16	15/05/2024 08.24	0	1
2	15/05/2024 08.27	0	1
2	15/05/2024 08.27	0	1
4	15/05/2024 08.32	0	1
14	15/05/2024 08.32	0	1
3	15/05/2024 08.40	0	1
6	15/05/2024 09.13	0	1
12	15/05/2024 09.29	0	1
1	15/05/2024 09.33	0	1
5	15/05/2024 09.46	0	1
9	15/05/2024 09.56	0	16
9	15/05/2024 09.56	0	16
9	15/05/2024 14.32	1	1
6	15/05/2024 18.02	1	1
16	15/05/2024 18.03	1	1
14	15/05/2024 18.08	1	1
2	15/05/2024 18.09	1	1
3	15/05/2024 18.09	1	16
3	15/05/2024 18.09	1	16
12	15/05/2024 18.10	1	1
4	15/05/2024 18.18	1	1
1	15/05/2024 18.25	1	1
13	16/05/2024 07.45	1	1
16	16/05/2024 08.17	0	1
14	16/05/2024 08.23	0	1
6	16/05/2024 08.40	0	1
18	16/05/2024 09.13	0	1
4	16/05/2024 09.16	0	1
12	16/05/2024 09.41	0	1
13	16/05/2024 16.58	0	1
16	16/05/2024 17.54	1	1
6	16/05/2024 17.55	1	1
14	16/05/2024 17.55	1	1
12	16/05/2024 17.59	1	1
4	16/05/2024 18.00	1	1
13	17/05/2024 07.24	1	1
16	17/05/2024 07.56	0	1
14	17/05/2024 08.38	0	1
6	17/05/2024 09.05	0	1
12	17/05/2024 09.30	0	1
18	17/05/2024 09.32	0	1
4	17/05/2024 09.46	0	1
19	17/05/2024 09.55	0	1
13	17/05/2024 16.53	0	1
12	17/05/2024 17.13	1	1
16	17/05/2024 17.52	1	1
14	17/05/2024 17.52	1	1
6	17/05/2024 17.52	1	1
4	17/05/2024 17.52	1	1
13	20/05/2024 07.50	1	1
16	20/05/2024 08.40	0	1
14	20/05/2024 08.41	0	1
4	20/05/2024 08.51	0	1
18	20/05/2024 08.56	0	1
3	20/05/2024 08.59	0	16
5	20/05/2024 09.21	0	1
6	20/05/2024 09.22	0	1
9	20/05/2024 09.32	0	16
9	20/05/2024 09.32	0	16
12	20/05/2024 09.32	0	1
10	20/05/2024 10.18	0	1
19	20/05/2024 10.25	0	1
1	20/05/2024 10.41	0	1
13	20/05/2024 17.06	0	1
16	20/05/2024 17.47	1	1
6	20/05/2024 17.47	1	1
3	20/05/2024 17.47	1	1
14	20/05/2024 17.48	1	1
12	20/05/2024 18.01	1	16
12	20/05/2024 18.01	1	16
4	20/05/2024 18.08	1	16
4	20/05/2024 18.08	1	16
1	20/05/2024 18.27	1	1
19	20/05/2024 18.52	1	1
9	20/05/2024 19.11	1	16
9	20/05/2024 19.11	1	16
10	20/05/2024 19.11	1	1
13	21/05/2024 07.49	1	1
16	21/05/2024 08.15	0	1
14	21/05/2024 08.23	0	1
6	21/05/2024 08.42	0	1
3	21/05/2024 08.52	0	1
12	21/05/2024 09.00	0	16
12	21/05/2024 09.00	0	16
18	21/05/2024 09.00	0	1
4	21/05/2024 09.08	0	1
5	21/05/2024 09.13	0	1
1	21/05/2024 09.24	0	1
9	21/05/2024 09.28	0	1
19	21/05/2024 09.39	0	1
10	21/05/2024 10.12	0	1
13	21/05/2024 17.10	1	1
14	21/05/2024 17.40	1	1
5	21/05/2024 17.55	1	1
16	21/05/2024 18.07	1	1
6	21/05/2024 18.07	1	1
3	21/05/2024 18.07	1	0
19	21/05/2024 18.07	1	1
4	21/05/2024 18.08	1	16
4	21/05/2024 18.08	1	16
12	21/05/2024 18.08	1	16
9	21/05/2024 19.38	1	1
10	21/05/2024 19.39	1	1
13	22/05/2024 07.48	1	1
14	22/05/2024 08.21	1	1
16	22/05/2024 08.34	0	1
4	22/05/2024 08.49	0	1
6	22/05/2024 08.53	0	1
2	22/05/2024 09.16	0	1
9	22/05/2024 09.16	0	16
9	22/05/2024 09.16	0	16
5	22/05/2024 09.22	0	1
12	22/05/2024 09.22	0	16
1	22/05/2024 09.27	0	1
18	22/05/2024 09.34	0	1
13	22/05/2024 15.59	0	1
12	22/05/2024 18.01	1	16
12	22/05/2024 18.01	1	16
4	22/05/2024 18.05	1	1
14	22/05/2024 18.23	1	1
2	22/05/2024 18.23	1	1
6	22/05/2024 18.23	1	1
16	22/05/2024 18.23	1	1
1	22/05/2024 18.24	1	1
9	22/05/2024 19.21	1	16
9	22/05/2024 19.21	1	16
10	22/05/2024 19.21	1	1
13	27/05/2024 07.41	1	16
13	27/05/2024 07.41	1	1
16	27/05/2024 08.09	0	1
4	27/05/2024 08.18	0	1
14	27/05/2024 08.31	0	1
6	27/05/2024 08.34	0	1
18	27/05/2024 08.34	0	1
3	27/05/2024 08.38	0	1
2	27/05/2024 08.56	0	1
7	27/05/2024 09.11	0	1
5	27/05/2024 09.11	0	1
12	27/05/2024 09.14	0	1
12	27/05/2024 09.14	0	16
12	27/05/2024 09.14	0	1
9	27/05/2024 09.17	0	16
9	27/05/2024 09.17	0	16
8	27/05/2024 09.22	0	1
15	27/05/2024 09.24	0	1
11	27/05/2024 09.46	0	1
19	27/05/2024 09.46	0	1
1	27/05/2024 10.02	0	1
13	27/05/2024 17.14	0	1
8	27/05/2024 17.59	1	1
9	27/05/2024 18.01	1	16
5	27/05/2024 18.14	1	1
14	27/05/2024 18.17	1	1
1	27/05/2024 18.17	1	1
6	27/05/2024 18.17	1	1
2	27/05/2024 18.17	1	1
3	27/05/2024 18.18	1	1
18	27/05/2024 18.18	1	1
16	27/05/2024 18.18	1	1
4	27/05/2024 18.33	1	1
7	27/05/2024 18.38	1	1
15	27/05/2024 18.38	1	1
11	27/05/2024 18.58	1	1
13	28/05/2024 07.31	1	1
18	28/05/2024 08.05	1	1
16	28/05/2024 08.32	0	1
4	28/05/2024 08.36	0	1
6	28/05/2024 08.38	0	1
2	28/05/2024 08.44	0	1
7	28/05/2024 09.05	0	1
3	28/05/2024 09.09	0	1
5	28/05/2024 09.11	0	1
12	28/05/2024 09.11	0	16
12	28/05/2024 09.11	0	16
8	28/05/2024 09.14	0	16
8	28/05/2024 09.14	0	1
9	28/05/2024 09.16	0	16
9	28/05/2024 09.16	0	16
15	28/05/2024 09.19	0	1
1	28/05/2024 09.31	0	1
19	28/05/2024 10.08	0	1
14	28/05/2024 10.31	0	1
11	28/05/2024 11.23	0	1
13	28/05/2024 17.13	1	1
5	28/05/2024 17.52	1	1
8	28/05/2024 17.53	1	1
9	28/05/2024 18.02	1	16
9	28/05/2024 18.02	1	16
12	28/05/2024 18.08	1	16
12	28/05/2024 18.08	1	16
7	28/05/2024 18.17	1	1
11	28/05/2024 18.17	1	1
15	28/05/2024 18.17	1	1
6	28/05/2024 18.21	1	1
6	28/05/2024 18.21	1	1
14	28/05/2024 18.21	1	1
3	28/05/2024 18.21	1	1
16	28/05/2024 18.21	1	1
1	28/05/2024 18.32	1	1
19	28/05/2024 18.32	1	1
4	28/05/2024 20.37	1	1
14	29/05/2024 07.19	1	1
13	29/05/2024 07.37	1	1
16	29/05/2024 08.11	0	1
6	29/05/2024 08.33	0	1
4	29/05/2024 08.51	0	16
4	29/05/2024 08.51	0	1
3	29/05/2024 08.52	0	1
2	29/05/2024 08.58	0	1
1	29/05/2024 09.14	0	1
15	29/05/2024 09.17	0	1
5	29/05/2024 09.17	0	1
12	29/05/2024 09.25	0	1
12	29/05/2024 09.25	0	1
12	29/05/2024 09.25	0	1
12	29/05/2024 09.25	0	1
7	29/05/2024 09.29	0	1
9	29/05/2024 09.29	0	16
8	29/05/2024 09.31	0	1
11	29/05/2024 09.47	0	1
13	29/05/2024 17.09	0	1
16	29/05/2024 18.05	1	1
3	29/05/2024 18.05	1	1
2	29/05/2024 18.05	1	1
14	29/05/2024 18.05	1	1
6	29/05/2024 18.12	1	16
6	29/05/2024 18.12	1	16
6	29/05/2024 18.12	1	1
11	29/05/2024 18.13	1	1
7	29/05/2024 18.13	1	1
12	29/05/2024 18.13	1	1
15	29/05/2024 18.14	1	1
4	29/05/2024 18.14	1	1
1	29/05/2024 19.01	1	1
9	29/05/2024 19.06	1	16
9	29/05/2024 19.06	1	16
10	29/05/2024 19.06	1	1
14	30/05/2024 07.34	1	1
13	30/05/2024 07.37	1	1
4	30/05/2024 08.05	0	1
6	30/05/2024 08.21	0	1
16	30/05/2024 08.28	0	1
8	30/05/2024 09.02	0	1
3	30/05/2024 09.12	0	1
2	30/05/2024 09.14	0	1
5	30/05/2024 09.14	0	1
1	30/05/2024 09.17	0	1
15	30/05/2024 09.17	0	1
9	30/05/2024 09.21	0	16
9	30/05/2024 09.21	0	16
7	30/05/2024 09.31	0	1
11	30/05/2024 09.35	0	1
16	30/05/2024 13.13	1	1
10	30/05/2024 14.36	1	1
13	30/05/2024 17.07	1	1
7	30/05/2024 18.08	1	1
11	30/05/2024 18.09	1	1
15	30/05/2024 18.09	1	1
14	30/05/2024 18.09	1	1
4	30/05/2024 18.15	1	16
4	30/05/2024 18.15	1	16
2	30/05/2024 18.20	1	1
6	30/05/2024 18.20	1	1
3	30/05/2024 18.20	1	1
1	30/05/2024 18.21	1	1
9	30/05/2024 18.21	1	1
8	30/05/2024 18.56	1	1
10	30/05/2024 18.56	1	1
13	31/05/2024 06.51	1	1
16	31/05/2024 08.07	0	1
18	31/05/2024 08.17	0	1
6	31/05/2024 08.35	0	1
3	31/05/2024 08.52	0	1
2	31/05/2024 09.05	0	1
4	31/05/2024 09.17	0	1
15	31/05/2024 09.17	0	1
15	31/05/2024 09.17	0	1
7	31/05/2024 09.20	0	16
9	31/05/2024 09.30	0	1
8	31/05/2024 09.36	0	1
11	31/05/2024 09.36	0	1
1	31/05/2024 11.57	0	1
13	31/05/2024 16.57	0	1
2	31/05/2024 18.09	0	1
3	31/05/2024 18.12	0	1
3	31/05/2024 18.12	1	1
16	31/05/2024 18.12	1	1
6	31/05/2024 18.12	1	1
7	31/05/2024 18.22	1	16
9	31/05/2024 18.22	1	1
1	31/05/2024 18.22	1	1
4	31/05/2024 18.51	1	16
9	03/06/2024 07.36	1	1
9	03/06/2024 07.36	0	1
13	03/06/2024 07.48	0	1
14	03/06/2024 07.51	0	1
16	03/06/2024 07.52	0	1
6	03/06/2024 08.29	0	1
2	03/06/2024 08.56	0	1
3	03/06/2024 09.11	0	1
15	03/06/2024 09.11	0	1
18	03/06/2024 09.22	0	1
7	03/06/2024 09.29	0	1
12	03/06/2024 09.29	0	16
12	03/06/2024 09.29	0	1
1	03/06/2024 09.30	0	1
11	03/06/2024 09.37	0	1
23	03/06/2024 10.00	0	1
21	03/06/2024 10.00	0	1
21	03/06/2024 10.00	0	16
22	03/06/2024 10.00	0	1
19	03/06/2024 10.03	0	1
17	03/06/2024 10.05	0	1
4	03/06/2024 10.21	0	1
13	03/06/2024 17.02	0	1
18	03/06/2024 18.00	0	1
18	03/06/2024 18.00	0	1
6	03/06/2024 18.04	0	1
6	03/06/2024 18.04	0	16
6	03/06/2024 18.05	1	16
6	03/06/2024 18.05	1	16
2	03/06/2024 18.05	1	1
14	03/06/2024 18.05	1	1
23	03/06/2024 18.07	1	16
23	03/06/2024 18.07	1	16
22	03/06/2024 18.07	1	16
19	03/06/2024 18.10	1	1
12	03/06/2024 18.15	1	16
1	03/06/2024 18.18	1	1
5	03/06/2024 18.30	1	1
16	03/06/2024 18.30	1	1
11	03/06/2024 19.23	1	1
12	03/06/2024 19.23	1	1
9	03/06/2024 19.23	1	1
17	03/06/2024 19.34	1	1
7	03/06/2024 21.17	1	16
7	03/06/2024 21.17	1	16
15	03/06/2024 21.17	1	16
15	03/06/2024 21.17	1	1
4	03/06/2024 21.17	1	1
13	04/06/2024 07.31	1	1
16	04/06/2024 07.35	0	1
4	04/06/2024 07.41	0	1
14	04/06/2024 07.59	0	1
17	04/06/2024 08.22	0	1
23	04/06/2024 09.16	0	16
23	04/06/2024 09.16	0	16
8	04/06/2024 09.16	0	1
6	04/06/2024 09.16	0	1
9	04/06/2024 09.20	0	16
12	04/06/2024 09.21	0	16
12	04/06/2024 09.21	0	16
12	04/06/2024 09.21	0	16
12	04/06/2024 09.21	0	16
22	04/06/2024 09.35	0	1
19	04/06/2024 09.46	0	1
7	04/06/2024 09.56	0	1
1	04/06/2024 09.59	0	1
3	04/06/2024 11.32	0	1
21	04/06/2024 13.15	0	16
21	04/06/2024 13.15	0	16
21	04/06/2024 13.15	0	16
9	04/06/2024 16.45	1	1
9	04/06/2024 16.45	1	16
13	04/06/2024 17.02	1	1
17	04/06/2024 18.08	1	16
17	04/06/2024 18.08	1	16
17	04/06/2024 18.08	1	16
17	04/06/2024 18.09	1	1
14	04/06/2024 18.10	1	1
2	04/06/2024 18.10	1	1
6	04/06/2024 18.10	1	1
6	04/06/2024 18.10	1	1
14	04/06/2024 18.10	1	1
2	04/06/2024 18.10	1	1
18	04/06/2024 18.13	1	16
18	04/06/2024 18.13	1	1
21	04/06/2024 18.14	1	16
16	04/06/2024 18.19	1	1
3	04/06/2024 18.21	1	1
22	04/06/2024 18.21	1	1
23	04/06/2024 18.22	1	16
23	04/06/2024 18.22	1	16
4	04/06/2024 18.27	1	16
1	04/06/2024 18.37	1	1
8	04/06/2024 19.21	1	1
10	04/06/2024 19.21	1	1
13	05/06/2024 07.30	1	1
17	05/06/2024 07.59	1	1
16	05/06/2024 08.08	0	1
17	05/06/2024 08.08	0	1
14	05/06/2024 08.14	0	1
4	05/06/2024 08.21	0	1
6	05/06/2024 08.35	0	1
6	05/06/2024 08.35	0	16
2	05/06/2024 08.58	0	1
1	05/06/2024 09.33	0	1
10	05/06/2024 09.35	0	1
9	05/06/2024 09.57	0	16
21	05/06/2024 10.29	0	16
21	05/06/2024 10.29	0	16
3	05/06/2024 12.23	0	1
5	05/06/2024 13.26	0	1
